15418 25542 -240.47
15040 25210 -288.17
15029 25200 -361.03
15393 25553 -279.73
15407 25575 -161.41
15435 25576 -128.79
14941 25318 -317.53
15090 25229 -200.85
15081 25316 -86.729
15087 25327 -276.91
15088 25290 -483.98
15104 25107 -370.51
15287 25676 -106.19
14913 25315 -280.65
14896 25223 -390.81
14891 25058 -40.407
14893 24995 -436.38
14969 24857 -334.76
14982 25145 -249.56
15188 25111 -240.2
15157 25163 -163.35
15056 25249 -458.26
14489 24973 -263.82
14497 24965 -307.76
14483 24981 -213.95
14985 25098 -307.58
14617 24907 -273.16
14948 25361 -117.87
14881 25514 -57.015
15003 25212 -317.74
15039 25152 -320.96
15044 25196 -314.25
15081 25194 -346.03
14994 25319 -262.39
14986 25300 -348.41
14977 25344 -236.56
14997 25293 -286.38
14985 25267 -265.29
14971 25274 -257.95
14979 25288 -310.82
14960 25248 -383.11
14960 25248 -383.34
14995 25335 -331.16
14979 25280 -259.15
14978 25288 -200.49
15076 25270 -171.46
14591 24905 -304.52
14591 24996 -175.65
15183 25490 -76.987
15155 25405 -93.452
15155 25405 -94.031
15192 25507 -118.96
15215 25494 -132.28
15173 25474 -111.6
15202 25467 -182.71
14916 25314 -238.45
15036 25177 -412.24
14996 25233 -342.81
14976 25202 -328.82
14640 24980 -137.61
14649 25106 -291.07
14702 25098 -146.24
14673 25133 -111.24
14556 25039 -167.4
14785 24761 -77.805
14838 25123 -67.077
14926 25153 -308.14
15027 25221 -341.39
15451 24978 -68.581
15060 25138 -286.78
15038 25123 -287.9
15055 25175 -319.27
15064 25210 -415.82
15034 25120 -383.59
15038 25171 -280.88
14991 25086 -125.76
15014 25046 -306.79
15009 25069 -280.34
15007 25059 -380.65
14894 25066 -179.9
15042 25263 -248.36
14598 25300 -262.03
14844 25035 -268.91
15022 25367 -49.406
14842 24961 -413.46
15412 25697 -213.57
15006 25141 -360.83
14905 25377 -201.41
14929 25398 -222.76
15486 25007 -86.702
15450 24969 -269.71
15290 25101 -268.41
15101 25332 -359.87
15331 24888 -692.12
14975 25729 -362.46
15012 25557 -400.88
14984 25491 -333.15
14903 25276 -395.47
14947 25354 -310.74
15057 25301 -123.49
14922 25203 -171.86
15062 25205 -466.82
15009 25285 -351.53
15018 25328 -300.1
15334 24688 -71.964
14954 24976 -105.79
14995 24869 -82.535
15140 24900 -452.99
15341 25446 -254.67
15318 25408 -140.22
14970 25204 -304.73
14955 25140 -325.09
14956 25141 -325.09
15048 25113 -344.14
14595 25150 -461.28
14547 25224 -18.504
14761 25359 -381.59
14779 25381 -237.47
14797 25397 -445.44
14835 25218 -448.59
14868 25249 -316.81
14902 25120 -274.71
14913 25175 -371.57
14879 25181 -206.69
15046 25071 -205.03
15032 25291 -185.86
15260 24794 -218
15255 24788 -51.087
15266 24801 -162.92
15259 24814 -179.19
15275 24805 -247.91
14435 25258 -99.317
15168 25327 -137.18
14945 25131 -226.11
14899 25167 -250.08
15053 25247 -180.78
15010 25250 -167.38
14880 25101 -252.8
14913 25141 -283.69
14903 25196 -190.25
14920 25180 -238.61
14850 25225 -308.02
14854 25240 -248.43
14869 25198 -383.27
14899 25194 -310.11
15001 25082 -312.74
15030 25171 -290.08
15027 25170 -272.67
15036 25175 -293.99
15030 25206 -317.58
15037 25197 -321.99
15021 25196 -232.69
15047 25266 -296.15
15070 25309 -82.401
15060 25197 -317.67
15031 25224 -221.79
14832 24729 -108.97
15009 25236 -313.31
14861 25257 -212.7
15009 25185 -360.74
14445 25033 81.385
15039 25190 -285.41
14977 25184 -147.95
14932 25158 -291.56
14984 25110 -197.09
15075 25131 -182.8
15043 25009 -133.2
15048 25115 -223.47
15080 25085 -306.39
15071 25095 -218.96
14891 24867 -223.99
15136 25153 -80.903
15106 25125 -225.89
15428 24624 -122.26
14784 24524 -173.8
14787 24599 -158.33
14763 24652 -157.55
14767 24646 -204.48
14773 24632 -179.56
14782 24677 -245.35
14802 24547 -297.41
14806 24593 -88.535
14967 25172 -298.26
14961 25149 -272.68
14873 25224 -339.52
15028 25118 -313.7
14854 25226 -271.75
14987 25183 -232.59
15053 24801 -7.5205
14955 25508 -561.03
14951 25536 -554.86
14921 24909 -166.77
14919 24967 -224.88
14914 24923 -14.096
14907 25190 -379.32
15512 25140 -6.5958
15027 25103 -143.7
15035 25224 -256.29
15041 25292 -292.95
15061 25215 -388.36
15094 25183 -316.47
15083 25233 -105.2
15090 25244 -238.23
15105 25193 -204.59
15070 25176 -411.2
15069 25175 -425.41
15004 25185 -267.22
14919 25164 -188.59
14934 25130 -195.22
14922 25127 -179.96
14929 25135 -297.06
14871 25158 -239.17
14904 25208 -273.16
14999 25194 -302.88
15019 25138 -374.97
15016 25120 -429.85
15032 25266 -254.09
14998 25160 -306.42
15037 25124 -274.54
15013 25189 -184.99
15027 25172 -326.69
15001 25134 -305.39
15026 25105 -422.92
15032 25193 -316.5
15006 25196 -260.09
15025 25211 -270.96
15029 25191 -287.56
15031 25185 -283.65
15049 25186 -243.04
15021 25207 -309.27
15034 25199 -250.35
15026 25206 -241.66
15029 25210 -263.02
15029 25216 -264.74
15028 25201 -262.14
15033 25212 -275.09
15029 25203 -279.62
15019 25243 -299.2
15014 25176 -263.58
15028 25210 -263.29
15029 25199 -258.27
15030 25214 -272.2
15037 25155 -361.98
15022 25193 -261.44
15171 25199 -86.455
15125 25207 -287.36
14878 25189 -186.25
14893 25170 -101.03
14880 25147 -53.071
14941 25144 -24.15
14862 25134 -281.17
14862 25199 -91.263
14881 25192 -215.94
14886 25121 -177.9
14787 25319 -133.04
14797 25309 -119.42
14801 25329 -126.12
14799 25328 -124.58
14935 25285 -297.04
14935 25310 -279.07
14941 25336 -245.88
14964 25156 -311.55
14943 25170 -151.58
15150 24817 -53.202
14417 25026 -68.986
14435 25044 -55.122
14417 25018 -124.42
15380 25465 -73.378
15353 25451 -49.473
15008 24902 -165.93
15177 25799 -185.33
14869 24928 -72.029
14805 25215 -294.07
14900 25198 -297.06
14907 25247 -281.54
14926 25243 -264.07
14915 25280 -336.02
14830 25245 -211.5
14817 25277 -248.51
14789 25241 -158.53
14799 25237 -162.46
14805 25251 -66.83
14890 24913 -290.77
15055 25137 -267.58
15629 25306 -102.31
15039 25275 -209.87
14984 25177 -239.97
14704 25452 -188.76
14911 25249 -221.1
14865 25322 -203.22
14920 25254 -261.18
15141 25532 -48.886
15141 25532 -47.227
15112 25651 -153.07
14950 25047 -245.41
14948 25097 -273.89
14967 25024 -294.86
14955 25026 -343.81
14947 25090 -208.26
14929 25022 -221.37
14968 25087 -275.66
14955 25028 -259.67
14950 25013 -287.08
14943 25015 -239.89
14940 25053 -231.24
14974 25046 -309.16
14944 25023 -312.46
14970 25025 -232.88
14957 25052 -315.7
14961 24957 -270.45
14962 24940 -201.02
15458 25423 -150.09
15029 25148 -216.65
14907 25078 -307.56
14915 25122 -217.27
14909 25047 -226.41
15144 25308 -106.71
15139 25354 -254.41
15152 25292 -285.16
14876 25316 -301.25
15131 25296 -235.93
15217 24574 40.553
14864 25167 -156.76
15053 25109 -165.03
15027 25109 -472.8
15050 24586 -26.164
15170 24738 -80.24
15176 24745 -87.371
15087 25154 -241.59
15097 24563 -175.93
14915 25191 -443.03
15035 25252 -184.92
15304 25170 -75.813
15291 25145 -158.49
15299 25185 -62.27
15022 25158 -187.33
15014 25219 -182.44
14986 25223 -141.62
14984 25139 -289.08
14946 25167 -255.05
14959 25028 -192.29
15026 25154 -294.56
14986 25135 -132.27
14944 25174 -46.879
14800 24819 -134.22
14810 24801 -157.34
14795 24787 -268.61
14783 24780 -192.03
14815 24799 -113.01
14806 24786 -279.55
14799 24776 -102.15
14815 24811 -103.7
14805 24784 -137.57
14790 24814 -414.35
14792 24830 -157.07
14807 24814 -216.3
14793 24813 -190.89
14814 24805 -204.87
14853 24824 -278.71
14790 24840 -44.668
14800 24821 -97.614
14825 24799 -210.32
14825 24793 -163.53
14943 25230 -257.52
14968 25218 -170.53
14850 24673 -78.55
15183 25401 -46.098
14696 24697 -170.69
14878 25124 -243.62
14892 25077 -191.42
14954 25199 -335.21
14989 25205 -337.64
14884 25228 -254.79
14989 25104 -176.43
14998 25051 -234.18
15004 25162 -196.02
14940 25274 -385.04
14984 25119 -221.53
15121 25026 -314.38
14981 24797 -80.514
14987 25154 -512.82
14946 24850 -164.31
15201 25179 -317.4
14667 25095 -192.73
14682 25079 -169.74
14668 25092 17.511
14969 25258 -338.87
15031 25089 -364.19
15221 25008 -153.43
15005 25094 -255.68
15047 24819 -121.98
14903 25057 -95.634
14890 25236 -253.12
14905 25156 -148.77
14895 25054 -122.83
14921 25259 -279.6
15121 25200 -66.474
15140 25054 -219.78
15116 25103 -409.23
15116 25031 -429.8
15060 25176 -314.05
15036 25173 -436.57
15035 25182 -401.97
15064 25210 -220.84
15078 25197 -266.19
14999 25261 -328.74
15034 25166 -194.34
14900 25160 -205.43
15509 24812 -173.91
15070 24839 -57.977
15065 24831 -123.38
15067 24791 -161.87
15659 25250 -221.47
15659 25250 -222.79
15644 24848 -232.56
14632 25217 -88.534
14820 25627 -371.09
15079 25204 -443.48
15071 25229 -286.18
15079 25227 -217.01
14854 25488 -145.74
14842 25496 -179.36
15078 25147 -320.42
14899 25151 -352.21
14630 25122 -229.09
15127 25207 -163.48
15017 25194 -189.36
15183 24631 -52.382
15023 25093 -356
15015 25170 -287.24
15037 25135 -334.36
15052 25206 -387.52
14486 25242 -176.86
14495 25208 -196.65
14934 25143 -359.6
14906 24741 -101.72
14890 24766 -177.98
14910 24857 -249.32
15037 25057 -313.83
15056 25093 -329.37
15037 25111 -333
15464 25480 -170.34
15430 25527 -206.97
15436 25547 -139.07
14765 25690 -53.329
15416 25586 2.6476
15400 25570 49.829
15471 25618 -191.07
15452 25542 -139.41
15460 25554 -207.04
15474 25476 -113.11
15081 25086 -236.1
15098 25157 -201.95
15145 25280 -25.572
15327 25518 -125.96
15078 25202 -247.16
15071 25245 -273.08
15074 25253 -232.19
15114 25155 -300.73
14981 25142 -349.97
15016 25114 -291.29
14994 25127 -382.51
15120 25176 -365.24
15116 25104 -320.06
15117 25125 -286.81
15127 25124 -327.61
14530 24840 -139.98
14519 24893 -226.83
14534 24880 -465.28
14516 24866 -234.97
14884 25223 -211.48
14880 25134 -300.53
14912 25164 -289.67
14931 25053 -243.66
14950 25194 -182.61
14748 25039 -161.24
15047 25004 -441.6
15110 24566 -262
15053 24481 -159.26
14857 25163 -271.08
14939 25074 -375.2
14938 25080 -394.57
15056 25134 -375.85
15056 25137 -358.7
15066 25092 -291.88
15030 25115 -293.76
15007 25098 -359.51
14986 25225 -235.17
15141 24678 -220.7
15495 25539 -172.01
15476 25563 -93.122
15097 25271 -314.77
15105 25291 -248.88
15131 25076 -302.84
15210 25012 -128.1
15099 25057 -390.58
15140 25175 -238.14
15142 25087 -271.3
15114 25095 -342.63
15076 25173 -355.5
15093 25142 -383.08
15080 25148 -294.04
15079 25148 -300.58
15075 25232 -351.96
15046 25015 -466.34
15075 25060 -334.39
15085 25135 -274.66
15069 25144 -342.44
15077 25158 -351.78
15043 25163 -314.49
15095 24992 -175.8
14888 25227 -286.93
14874 25237 -328.84
14902 25278 -288.91
14894 25265 -329.08
14894 25209 -331.42
14887 25213 -280.81
14887 25214 -277.52
14891 25238 -244.16
14884 25264 -237.35
14890 25183 -342.58
14896 25220 -284.44
14884 25199 -342.49
14881 25220 -343.76
14929 25187 -326.11
14996 25133 -261.89
14978 25230 -188.85
15007 25102 -280.52
15004 25163 -287.86
15453 24710 -107.18
15473 24760 -169.18
15436 24781 -63.798
15446 24706 -260.46
15000 25156 -296.03
15039 25195 -373.73
15117 25232 -201.96
15093 25148 -370.74
15067 25161 -89.08
15015 25251 -296.79
15037 25000 -228.64
15353 24801 -70.279
15136 25047 -292.17
15134 25078 -331.85
14980 25173 -378.61
15008 25070 -365.02
15031 25083 -360.67
15033 25101 -177.28
15056 25021 -308.39
15589 24886 -238.03
15125 25111 -236.31
14545 25016 -116.61
14558 25021 -257.11
14586 25327 -160.89
14896 25095 -341.23
15161 25151 -301.92
15071 25186 -213.26
15390 24794 -248.34
15187 25164 -251.74
15178 25280 -247.23
15185 25276 -318.55
15193 25275 -211.89
15193 25365 -134.39
15190 25241 -225.94
14921 24593 -330.5
14992 25162 -130.79
14842 25045 -203.23
14825 24968 -211.93
14825 24968 -207.42
14955 25212 -294.21
15020 25067 -331.79
15023 25033 -360.29
15521 25158 -176.64
15529 25434 -112.86
15306 24880 -239.73
15217 24875 -173.81
15122 25306 -198.94
15293 24967 -273.71
15045 25175 -443.05
15021 25080 -328.02
15021 25068 -342.45
15011 25102 -282.32
15127 25326 -240.6
15130 25370 -271.4
15134 25396 -284.52
15140 25382 -208.01
15122 25301 -337.56
14943 25094 -256.63
15017 25095 -397.87
14646 24674 -132.92
14925 24502 -181.91
14984 24863 -246.49
15506 24869 -220.97
14901 25440 -435.19
14897 25527 -323.52
14887 25513 -292.7
14878 25497 -269.53
14890 25501 -312.08
14876 25520 -354.16
14897 25494 -270.09
14844 25525 -142.46
14881 25500 -215.73
14881 25479 -245.33
14864 25481 -244.02
14881 25498 -303.26
14494 25064 -219.62
14495 25060 -230.52
14507 25106 -186.85
14514 25083 -210.44
14791 25447 47.214
14520 25137 -216.88
14876 25602 -181.97
14890 25532 -287.68
14856 25496 -227.15
14869 25527 -193.5
14888 25524 -229
15024 25275 -584.64
15032 25277 -587.17
14894 25494 -160.67
14889 25512 -186.46
14864 25537 -121.8
14881 25515 -205.3
14824 24936 -289.89
14863 25055 -581.37
15046 25184 -372.93
14951 25146 -327.4
14947 25118 -320.44
14922 25096 -439.75
15421 25243 -128.74
15453 25250 -373.17
15448 25264 -91.434
14567 25022 -197.93
14571 24930 -145.69
15163 25298 -246.4
14941 25149 -247.64
14935 25153 -343.53
14919 25146 -341.46
14926 25172 -347.91
14996 25424 -302.54
15008 24769 -194.08
15013 24713 -169.13
15019 24728 -155.73
15011 24728 -184.58
15036 24728 -188.04
15033 24703 -228.51
14994 25065 -318.65
15576 25191 -163.49
15535 25123 -27.371
15549 25147 -140.64
15001 25128 -315.37
15012 25112 -309.45
15333 25517 -124.71
15540 25185 -67.156
15553 25163 -176.59
15569 25216 -221.95
15566 25108 -225.36
15566 25112 -201.29
15548 25106 -255.9
15584 25088 -203.94
15571 25072 -241.62
15573 25096 -263.64
15592 25105 -191.23
15020 25226 -266.19
15020 25224 -283
14961 25119 -312.31
14930 25079 -365.33
15230 25418 -272.14
15230 25451 -157.85
15211 25340 -290.2
14952 25124 -325.47
15129 25131 -252.48
14971 25518 -243.93
14978 25543 -168.44
14982 25554 -209.79
14982 25541 -190.97
14987 25530 -224.17
14974 25432 -198.43
14978 25369 -264.96
14985 25376 -204.89
15146 25249 -213.18
15111 24984 -195.43
15126 25122 -283.05
15085 25168 -322.25
15086 25142 -394.47
15101 25175 -263.16
15107 25154 -251.33
15104 25123 -272.58
15084 24614 -248.74
15081 24643 -269.5
15082 24686 -123.47
14886 25222 -326.47
15186 24962 -125.95
15186 24962 -126.17
15047 25023 -320.86
15025 25030 -292.91
15165 25095 -279.03
15164 25096 -279.93
15017 25047 -429.74
15336 25226 -178.3
15315 25212 -23.079
14953 25137 -311.19
14985 25061 -325.51
14738 24738 -270.37
15101 24846 -173.24
15108 24833 -240.04
15096 24813 -265.42
14992 24825 -207.17
14952 24918 -274.52
15141 25116 -424.66
14844 25352 -290.12
15352 25527 -112.57
14850 25407 -318.57
14966 24920 -182.72
14969 24942 -316.17
15152 25230 -275.27
15081 25123 -176.07
15146 25115 -130.87
15037 24993 -183.24
15025 25086 -272.66
15093 25106 -356.4
15106 25223 -92.552
15137 25193 -275
15183 24999 -218.39
15582 25419 -223.62
15123 25070 -247.09
15110 25068 -239.39
15104 25099 -183.49
15209 24981 -354.5
15160 25144 -472.1
15172 25163 -278
15183 25164 -317.28
15062 25178 -335.38
15043 25137 -441.62
15037 25179 -293.69
15027 25135 -278.97
15023 25160 -275.57
15052 24961 -487.71
15025 25244 -268.25
15023 25214 -251.73
15035 25225 -232.73
15017 25249 -246.79
15123 25089 -345.28
14977 24754 -214.42
15108 25159 -264.09
15137 25109 -303.54
15028 25190 -175.05
14988 24935 -358.7
14984 24928 -230.26
14979 25115 -391.32
15129 25144 -467.17
15081 25025 -323.54
15056 25194 -372.28
15042 25188 -318.62
15041 25152 -327.85
15037 25046 -353.35
14947 25674 -320.35
15041 25178 -320.28
14956 25148 -214.18
14992 25138 -147.11
14992 25174 -295.8
14990 25183 -324.26
15055 25128 -322.61
15055 25120 -350.01
15054 25129 -362.2
15057 25061 -378.12
15057 25066 -372.58
15054 25228 -413.6
15267 25139 -300.08
15437 24970 -288.04
15284 25214 -267.31
15099 24996 -83.356
15015 25126 -324.9
14849 25683 -304.63
15246 24867 -171.48
15019 25159 -444.95
15110 25060 -229.97
15144 25049 -259.81
15144 25137 -304.76
15062 24976 -259.8
14945 25153 -323.3
14703 25392 -199.54
14590 24677 -241.72
14947 25056 -379.92
14940 25096 -323.79
14941 25091 -382.69
14941 25109 -356.54
14962 25069 -365.13
14920 25149 -386.19
14919 25147 -382.38
14941 25126 -326.87
14936 25087 -331.97
14937 25071 -374.1
14937 25076 -376.83
14950 25115 -346.46
14989 24764 -165.47
14895 25153 -247.36
14909 25147 -319.12
15163 25098 -239.5
15183 24998 -281.13
15139 24881 -326.4
15106 24914 -187.65
15121 24957 -234.33
15126 24985 -255.47
15098 24874 -174.23
15122 25087 -341.18
14961 24870 -120.73
14926 24852 -382.6
15081 24916 -380.45
15109 24853 -233.92
15093 24850 -280.4
15078 24830 -440.32
14973 25119 -281.93
14904 25347 -331.51
14911 25230 -341.32
14886 25250 -361
14902 25302 -293.21
14921 25307 -274.48
14903 25383 -309.92
15008 25225 -180.92
14992 25203 -445.13
14980 25115 -367.21
14966 25035 -246.6
14964 25096 -207.15
14963 25238 -203.82
14972 25248 -188.24
15131 25080 -349.21
15143 25027 -306.14
14745 25357 -248.87
15033 25230 -352.62
14975 25307 -175.69
15121 25157 -323.87
15119 25165 -344.46
15120 25163 -332.9
14950 25164 -357.84
14944 25058 -267.93
14921 25157 -330.96
14927 25150 -288.99
15003 25220 -245.38
15006 25124 -168.11
14963 25129 -279.1
15110 25190 -432.75
15027 24533 -276.7
14788 25026 -156.09
15215 25667 -105.63
15017 25021 -155.25
14943 25819 -274.39
14997 25855 -244.15
15008 25841 -370.99
15008 25841 -380.91
15010 25813 -334.46
15009 25810 -355.25
15016 25850 -245.37
15010 25856 -297.52
15010 25855 -306.47
15012 25853 -226.04
14992 25836 -235.29
14987 25816 -313.47
14998 25839 -308.2
14990 25842 -252.88
15005 25813 -148.73
14982 25843 -335.47
14996 25831 -339.8
15003 25838 -228.79
15016 25851 -231.85
15003 25857 -234.19
14976 25826 -283.28
14983 25806 -218.13
14981 25859 -270.66
14980 25840 -326.27
14979 25808 -196.47
14981 25815 -309.18
14999 25811 -243.92
15010 25832 -221.4
15020 25818 -223.78
14988 25771 -229.91
14992 25816 -280.53
15004 25783 -274.06
15001 25760 -331.09
15122 25631 -285.84
15131 25614 -293.97
15140 25657 -291.82
14571 25217 -147.91
14672 25431 -173.47
15268 25181 -256.79
15238 25269 -185.55
15145 25022 -283.93
15022 25243 -309.75
15027 25191 -361.65
15028 25218 -356.25
15048 25226 -343.62
14888 25240 -237.79
15233 24932 -253.56
15283 25377 -271.85
15280 25328 -270.13
14402 24905 -173.23
14402 24905 -173.58
14969 24880 -219.56
14956 24882 -225.03
15017 25342 -279.81
14945 24729 -226.67
14945 24729 -221.33
15350 24917 -98.957
15350 24906 -90.971
14997 25218 -298.17
15003 25305 -276.84
15004 25280 -292
14994 25307 -165.86
14973 25342 -177.89
14981 25292 -242.37
14998 25290 -225.91
14981 25256 -293.54
14947 25029 -245.77
14930 25186 -283.56
14948 25156 -355.43
14902 25104 -296.61
14682 25047 -168.15
15045 24999 -342.15
15018 25066 -285.16
15016 25091 -281.72
15003 25124 -323.5
15019 25126 -287.49
15021 25135 -305.99
15010 25136 -356.52
15012 25197 -297.99
15017 25185 -310.22
15012 25169 -323.52
15012 25168 -326.32
15022 25168 -351.01
15012 25152 -314.55
15013 25174 -304.39
15016 25226 -280.23
15006 25213 -410.42
15001 25190 -320.6
15454 24740 -152.68
14585 24723 -303.49
15091 25222 -328.38
15124 25226 -383.34
15124 25225 -374.64
15101 25292 -393.79
15113 25318 -222.01
15103 25271 -351.92
15189 25088 -254.03
15059 24927 -242.75
15049 25160 -331.49
15038 25075 -369.6
15084 25160 -327.94
14909 25403 -111.66
14715 25466 -158.27
14695 25461 -61.206
14716 25428 -176.82
14706 25427 -265.53
15222 25084 -200.79
15152 25044 -266.67
15079 25143 -342.43
15045 25433 -426.74
15112 25095 -253.09
14993 25202 -314.58
14573 25374 -256.35
15073 24868 -200.78
15468 24761 -264.72
15466 24733 -210.89
15093 24707 -212.33
15103 24738 -227.13
14805 25132 -0.27072
14875 25123 -237.12
14919 25051 -327.95
14982 24996 -342.77
15145 25074 -398.89
15424 24811 -81.402
15171 24906 42.653
15190 25126 -289.11
15154 25167 -322.74
15154 25169 -320.85
14953 25127 -307.16
14844 25392 -380.55
15202 25161 -304.63
15080 25147 -267.15
15037 25120 -308.68
15038 25126 -272.83
15061 25802 -159.46
15238 25120 -183.35
15185 24728 -194.68
15172 24746 -175.64
15185 24777 -217.89
15202 24717 -257.87
15071 25137 -278.42
15208 25050 -363.6
14907 25094 -214.29
14508 25172 -183.32
14518 25147 -241.53
14486 25117 -185.98
14470 25165 -251.37
14476 25144 -214.76
14475 25158 -197.7
14484 25160 -242.91
14513 25185 -193.64
15196 25019 -238.99
15191 25009 -289.63
15191 25019 -268.84
15200 25086 -323.01
15155 25166 -351.68
15148 25204 -270.05
15148 25203 -271.42
15122 25192 -380.05
15195 25081 -263.31
15097 25052 -319
15097 25048 -314.73
14692 25316 -269.34
14678 25280 -277.39
14920 25111 -332.05
14790 25277 266.72
14772 25276 213.32
14904 25184 -274.44
15221 25177 -292.18
15218 25128 -155.22
15019 25057 -410.54
14960 25221 -175.56
14956 25160 -338.07
14994 25076 -200.43
15305 25446 -186.72
15340 25428 -238.28
15418 25392 -163.35
15414 25365 -218.63
15410 25419 -229.22
15141 25122 -232.31
14982 25061 -286.1
14986 25055 -308.34
14994 25019 -386.78
15001 24976 -98.902
15120 25009 -158.72
15211 25303 -312.15
15009 24976 -333.37
15224 25197 -191.2
15222 25278 -251.92
15675 25262 -164.91
14939 25480 -341.43
15034 25241 -146.52
15034 25241 -145.8
15401 25399 -157.74
15416 25362 -138.42
15422 25402 -109.64
14794 25218 -146.54
14854 25364 -278.3
14862 25328 -272.42
14938 25101 -371.41
14976 25068 -291.06
14983 25033 -299.91
14975 25030 -313.91
14977 25045 -300.41
14995 24999 -317.64
14995 25031 -288.23
15006 25023 -310.99
15013 24970 -271.35
14989 24952 -315.87
14998 25043 -177.91
14999 25024 -211.28
15013 25032 -225.75
15035 24941 -249.45
15028 24940 -287.89
15130 24734 -164.19
14600 24874 -195.4
14633 24882 -177.02
14641 24931 -139.73
14644 24886 -157.37
14649 24847 -226.77
14624 24927 -133.84
14632 24871 -174.5
14644 24965 -245.22
14626 24887 -197.2
14632 24925 -164.3
14620 24917 -193.96
14634 24933 -199.8
14638 24905 -165.95
14638 24880 -255.22
14636 24806 -303.17
14615 24861 -381.38
14616 24863 -373.66
14628 24912 -184.85
14642 24909 -138.54
14635 24890 -176.68
14633 24920 -187.14
14636 24952 -176.32
14637 24932 -189.97
14635 24941 -138.26
14643 24953 -158.8
14648 24930 -130.44
14636 24914 -200.22
14654 24928 -113.68
15138 24952 -190.69
14638 24908 -153.47
15131 24959 -203.9
15141 24945 -250.67
14629 24879 -183.91
15145 24943 -236.65
15144 24939 -322.2
15144 24946 -328.1
14649 24859 -149.07
15147 24971 -225.13
14638 24858 -133.97
14635 24920 -168.49
14982 25833 -249.4
14603 25250 -264.78
14615 25256 -281.94
14577 25289 -236.66
15145 25146 -229.53
15133 25037 -234.84
15114 24964 -242.13
15146 25197 -241.19
15096 25130 -274.63
15096 25130 -287.08
15205 24724 -42.413
14895 25400 -337.89
15045 25207 -368.61
15215 25765 -296.11
15054 25163 -310.99
14989 25117 -247.96
14962 25156 -245.86
14925 25118 -304.27
15168 24975 -264.73
15503 25464 -268.86
14922 25158 -188.41
14900 25175 -232.11
15261 25373 -253.48
15040 24793 -112.37
15206 24775 -247.99
15492 24890 -105.74
15207 25176 -240.23
15147 25151 -266.26
15147 25150 -262.48
15277 25171 -435.15
15029 25210 -326.35
15240 25227 -350.9
15217 25137 -234.12
15055 25135 -61.518
15042 25079 -499.04
14887 25140 -244
14887 25140 -245.33
15031 25153 -487.22
15087 25189 -273.46
15212 25643 -400.26
15003 25224 -254.58
15226 25027 -104.14
14804 24766 -166.91
14814 24653 -195.41
14821 24649 -195.14
14799 24673 -174.22
14834 24693 -147.01
15143 25161 -246.62
15505 25409 -179.44
15505 25390 -244.66
15500 25426 -199.19
14926 24999 -207.85
14942 25009 -208.67
15284 25154 -235.17
15297 25208 -265.7
15295 25205 -232.17
15300 25203 -264.14
15080 25186 -266.85
15081 25186 -270.6
15047 25108 -241.8
15663 24990 -211.81
15130 25286 -277.76
15038 25204 -179.4
14967 25351 -226.18
15310 24911 -317.55
14988 25072 -276.23
15214 25176 -243.93
15167 25244 -246.3
15063 25078 -377.58
15039 25249 -303.38
14953 25173 -304.43
14796 24576 -211.93
14792 24598 -240.14
15517 24813 -241.45
15219 25166 -299.49
15111 25178 -350.27
14955 25181 -268.74
14973 25212 -349.75
